257366
425477
191097
552399
12468
458949
109735
311793
437200
355853
98849
57743
83289
488471
446567
196905
308846
328336
289233
52156
366462
511748
457675
518811
413085
432039
531270
430580
293582
544148
80366
179366
150236
400960
10424
451398
498340
268914
384171
172461
387266
214227
555578
181772
149373
251385
407878
574545
544827
120559
19299
73638
496822
204195
97073
209447
53433
403234
524006
178300
376460
570468
292100
227006
170315
456824
525726
179064
98879
558975
193521
377823
449230
44468
573552
288308
237956
69538
250654
439842
146314
458818
122826
33976
322815
239030
209271
560666
361734
225491
27366
29060
191186
394073
120870
580183
111013
