546361
138970
44952
76625
538735
559194
563593
449567
64111
454887
527250
508516
173284
503467
524877
246759
63047
271298
192296
575896
579332
170108
100801
278706
533706
68786
241758
885
555823
354144
424370
112634
338054
496878
145999
210451
538243
152915
234255
255385
77849
147038
130992
458212
449726
303392
299665
318467
467262
121599
260679
570833
80737
105863
447336
468841
26640
383026
149087
426453
278316
475535
502959
83818
429672
158700
241638
24026
126129
385724
485794
412004
512291
225709
449347
337256
319098
53695
261948
309694
38756
455408
444415
277749
143554
44093
288025
470288
450932
374904
540275
52433
563849
252220
384416
485798
30203
7511
76934
209012
330942
24842
543823
59022
505024
460722
540127
96596
558611
176683
434038
194450
459118
115862
469480
57810
482596
573370
34019
179904
259099
440336
495487
312506
354480
513496
404204
357742
565906
237912
400971
488367
243717
332901
461690
417374
95929
107015
413852
236222
89787
433163
577278
119608
451707
398071
241265
264853
499915
437298
66124
347755
36996
429820
390515
275429
230449
468249
86556
558608
392971
451623
301581
52267
172422
410102
178538
302380
255094
514369
283237
250526
82802
495536
240782
513855
186042
403225
431062
22799
201085
484639
454830
511580
273035
78738
581338
342394
482002
114886
383446
339130
328805
27302
59622
163316
192862
125142
157194
238301
559633
300284
223414
80543
393710
300380
254368
433531
371360
127394
209702
15399
77596
172211
485788
270571
334957
58210
501739
179085
75527
17985
525077
292499
533860
576776
509579
537280
450741
445464
540210
540
581029
334828
135263
32115
51260
577505
352389
330785
388947
39888
209290
371782
385931
89521
128211
556366
26809
382863
167910
164043
576218
391090
124456
104715
303590
330974
183716
254432
29601
242074
510977
419815
571407
124190
275898
364961
351530
449210
525354
277203
508231
52036
546261
33756
451643
173527
505745
185072
297308
535666
534292
354741
420669
301991
159790
156104
162700
56522
241945
255347
400303
207652
66866
187585
204024
274640
285314
337233
197336
350132
335634
200311
198506
31080
330967
209664
45574
89253
438073
449019
41638
266437
497989
288769
436537
575923
321603
467755
341789
149554
523565
84084
25385
546454
509442
184184
295433
257167
226983
121778
226363
17356
398397
377831
158849
428973
494966
452944
364031
490969
127788
180794
437873
484385
105987
308327
96241
255877
10046
399702
147148
455791
447991
547338
401735
38986
515376
412575
252958
195896
167820
121565
515579
131060
17216
207072
265810
539784
376241
41369
176091
241281
355182
293900
232329
125655
361309
492166
72993
491426
320905
132000
283870
97998
60986
121659
6562
27348
334074
250926
497009
61585
533909
356476
317788
299066
369642
237322
129860
288054
289633
235926
70758
218406
281575
351470
490462
581899
401433
280122
542182
530160
356011
19719
100964
26812
36547
102035
262617
571618
549088
541837
100334
517619
577455
183321
179611
304336
438063
162753
554374
557596
50028
544615
69498
553664
479496
309096
241530
297092
1966
550144
239670
408923
43431
234978
396042
411596
465566
580837
539573
520229
531736
437196
383721
361601
533529
464830
575006
114815
336668
134801
341029
366529
82666
203108
517455
563323
421538
166165
557660
96475
235252
497532
416516
359687
487322
156858
393266
239552
361140
433198
553698
175477
110142
527057
200291
14265
388085
427870
173211
300330
280788
85084
64705
579899
264771
281382
164200
466083
21830
530518
503456
342353
270193
330699
247141
390893
89207
270603
378929
462629
369016
44208
1525
287324
341193
128929
230741
292100
230966
60278
136951
35197
118485
4359
536059
226350
131087
358789
153130
440334
239894
123729
525236
308210
479007
171017
102116
31202
412094
524525
137140
578391
405836
253217
252759
535997
242570
454783
267136
359364
167854
491660
507080
551167
109640
7090
104147
178410
243262
44017
15811
194911
96517
153013
394766
443684
438682
345177
425582
278731
232001
513524
73943
217118
338592
99875
381852
276070
254420
411330
512796
250903
205356
87507
339927
80927
494486
182860
258832
547471
498535
531568
236874
573058
372024
190585
527194
10545
75331
408625
456953
203177
204060
426269
418968
506439
104492
56739
439932
89099
289845
109608
365031
287503
93717
325736
331313
515066
281355
119600
421676
329447
164893
133722
141952
280643
476754
522062
318525
550714
116530
73420
375043
311615
543379
388714
99620
535399
438841
27439
146700
484593
415354
383289
506796
210452
513646
199204
20765
181771
490897
248733
533485
472364
64802
341487
189156
93670
581042
14472
211303
540196
373686
8468
549649
308715
308486
87040
449691
544731
382636
131374
155883
416286
10936
190381
294051
387250
188100
316448
164856
50817
381990
371534
285013
60043
147634
385658
395497
290898
556871
481866
521823
483545
179500
298817
529215
152819
326014
492012
522708
215908
575909
176300
111131
82475
275263
634
243959
477477
485484
483328
490381
327404
123175
423046
109558
209602
406215
242092
405279
412123
199142
496541
412693
399994
399546
266556
92861
337689
525932
78729
559136
554348
203463
258460
85657
522054
308968
545312
175102
253143
578572
418637
418229
356174
48387
153344
143132
486713
432627
383158
6446
259398
198635
515760
426247
397042
417339
85272
551372
559873
216867
127856
329024
211299
263006
122051
264474
184543
64190
215371
431
34757
208095
459954
487806
130032
520525
365129
227453
75590
327770
296792
301631
212939
41252
5131
40729
207976
227422
568884
513719
293412
248789
115758
25847
501665
276597
78565
211120
442646
480016
430762
392382
543869
146626
15193
277674
145604
65380
225584
285844
492870
558570
143992
38923
59005
421539
252391
356169
506341
335866
350013
505344
271873
46535
143003
86036
546046
528157
507951
44559
497384
538588
483767
563513
114055
414661
38543
466476
490572
382706
569205
155117
303944
61779
87465
510548
22530
441574
370686
40901
181043
132495
439963
478376
42628
127932
575511
101588
259576
480005
343153
512495
167610
453082
353026
522481
146454
444719
205504
336088
482690
186255
236572
565797
292944
89150
292985
169395
46170
339245
59393
426085
312660
341272
281455
276580
314689
402408
495332
104732
467990
291518
240684
534976
271254
279243
15816
458160
413538
397483
214621
314714
252022
444419
470442
203891
125978
245920
526912
127871
229733
251134
173274
182715
507542
326174
30391
101245
424658
510730
87607
150727
225780
459034
392166
237241
319517
205283
219063
266242
385126
41404
168926
82542
490182
581205
230177
98922
288704
10420
364725
488390
72397
88412
492723
386370
197680
482951
529254
567171
99658
67269
134837
357333
364188
84653
487153
16976
500323
32611
394547
364132
463743
357242
464238
1739
524627
458141
164330
211023
385381
301275
26281
323682
98503
388900
510998
18217
131804
145903
217769
527257
82879
107840
92868
571034
571215
313517
47638
311868
192453
143140
150969
13339
412868
321182
178492
426595
426342
62958
282479
402662
552851
211158
49073
111629
395306
177758
282771
156397
477598
213999
342510
576449
232524
556203
507224
103315
335219
2544
352552
192982
553700
513191
505538
541532
568644
351301
299734
5123
368093
489844
350081
31208
495793
237762
107225
523989
278214
399058
114080
504893
571633
472089
175583
154443
280454
424722
417627
83561
36421
25940
551023
482474
391794
79660
254327
367597
80394
564636
320701
301916
40685
557758
91408
399839
340843
404982
100611
463406
157053
560389
559464
263420
13290
453040
140581
97683
463019
479242
194605
381027
89095
456528
390414
434866
502325
18396
488897
364653
320816
265256
85816
25144
75742
306988
101948
509913
371955
344989
332025
253906
112208
439141
212095
80187
27524
310029
166621
310407
138413
81064
504128
456656
208133
13300
232627
424820
372532
125995
71255
34938
45941
354330
161919
147897
235302
335758
448794
424788
104424
132116
560412
483015
158607
400453
115777
406071
426469
530848
250234
524766
94846
391769
400391
93472
236998
439410
45926
316801
405982
218705
551099
499051
285913
107019
123824
27157
447492
187214
257219
367131
563816
140971
187777
47093
196971
573966
72429
442089
260604
189491
213408
36718
104725
357391
21587
574304
46526
95793
532260
143440
89154
86878
254835
401804
191456
29558
187240
355345
202658
409031
373705
513944
219958
206899
262587
438663
247247
285005
128482
419774
109873
317688
398200
551129
40954
330880
419443
318646
434457
36498
30
320857
187054
133627
218454
440715
572243
191874
177019
202143
462662
279691
288586
210149
431043
149150
142672
70491
225104
275499
554266
36113
464312
207798
405574
67866
442430
69538
488066
316528
66817
188426
12999
98672
361516
486519
377331
570085
434788
547083
546631
549256
133713
427598
578620
427920
33581
410715
390401
282156
566855
184834
566236
9696
424102
187411
35927
21088
73262
478262
312470
347858
13721
121879
195917
386514
405194
135122
75948
432131
182436
77903
21637
566377
36262
485019
70269
390546
206968
496353
308274
221661
2056
564240
556719
235967
291866
383968
231422
94092
285497
12408
167229
204509
319257
203975
335802
312388
369521
214494
59044
418652
78865
427180
482071
496152
349154
456314
245642
261096
65209
411383
327032
101429
18040
128514
135086
329752
533050
171179
299533
24794
78323
535212
284338
425442
112362
258956
2448
145288
153481
140915
37746
24935
419764
524965
111742
304314
358266
368309
493296
259755
218362
199610
90245
208048
554032
280199
112992
525340
395050
206747
568633
532867
417070
304379
309946
212649
158044
322392
265139
311635
324605
485895
503028
519361
560830
472553
122902
65712
470310
205834
356866
43936
468954
500408
427820
547737
405283
420914
509390
490683
82229
491764
358237
414723
45994
549236
436500
62623
374561
279634
326920
261780
61698
504980
125882
33488
62759
269561
285235
192236
433116
39580
325620
348203
492096
38678
128402
355022
450704
223335
152211
483261
216417
332238
434951
199913
547428
300558
391941
544294
533006
414715
306451
509451
285992
81505
136375
296374
145292
534958
120822
221814
12986
59012
59987
211325
433420
237385
565264
369180
104544
2881
432503
135761
13230
523873
25784
6560
213023
402219
65884
107429
117160
158853
508811
434067
45829
164687
29274
553442
426031
471175
222295
450357
246530
88146
270636
322796
195333
435141
291072
552979
293012
149973
480409
466242
512282
53431
515778
326201
281056
469467
241037
181065
177818
62455
337814
319848
85536
562
545705
177539
374401
442809
354012
94607
99474
16732
27136
573067
66816
350067
340704
405456
475815
297970
27074
411557
258346
555043
75719
177775
239253
447347
490318
548361
422040
156260
162366
326504
351620
5595
28006
435340
92601
381533
101059
197629
212633
336369
69917
160428
236060
413713
43645
491046
147585
89765
392607
485188
497244
490311
239109
424844
316007
103040
251211
355740
500987
490385
327063
107353
21662
250282
37646
16109
546518
28480
368476
264158
517889
253873
177652
182416
246328
240340
438496
462589
365768
149253
385935
425881
211850
167781
50507
409221
167712
182756
577840
574818
567935
52086
454631
541117
516607
336494
388352
229088
83582
559012
492402
145259
311899
322472
102925
342460
433137
230291
385778
458650
460938
193654
169547
380724
97667
335403
412090
415561
290485
436464
270316
229247
495692
409499
485106
159831
175480
498847
99423
185774
139754
334320
277383
222261
17312
43742
557830
196290
515424
550277
355756
321651
438909
324443
177381
4068
104980
1785
193047
519565
187454
538190
197199
265552
193222
114313
224166
32116
461521
289852
209813
7685
321455
531153
492284
76276
443713
345090
481218
453426
548723
450340
450700
463557
106045
115645
329543
156500
173865
24664
66746
501247
211683
517133
280540
526867
239499
148969
348091
27822
336546
125873
367409
89500
412204
419008
70983
58086
537345
397311
431256
449094
300690
48487
437440
520921
251985
409739
418913
93580
336628
224049
8351
423943
262658
305550
1448
272481
90712
553872
210081
562516
459166
198169
90255
292689
312299
411686
280709
122981
208714
232546
350014
446614
578427
377572
178487
62839
314068
256040
238361
454408
173475
548351
349601
66283
175126
474827
254212
176285
151757
450687
120230
325634
267940
459618
174989
179024
357418
149115
373761
385858
524508
321373
407651
355789
55849
501289
54868
527127
475488
575867
386203
194806
400305
53669
535995
426149
556817
270160
399462
248132
531167
247166
302236
13506
239591
257154
428191
296994
222016
427111
160624
429158
52996
245361
206975
559271
289583
499365
125850
11188
197959
500270
397687
543263
415670
102655
38118
161304
522418
569046
138405
128142
296072
573115
255634
566713
202252
162688
575174
253695
99099
425164
107109
92331
262221
326075
560172
211097
245462
286322
197605
391823
406265
88315
12943
566135
386080
168998
168833
78465
36158
311079
287608
365202
570857
501967
89655
374298
344138
101573
405135
359149
417700
41001
192153
90278
91728
189773
86516
126301
474272
444799
357108
576187
400449
354094
197962
303519
207739
39171
337506
28038
211410
459346
560312
290093
252776
500814
52348
117061
155443
575594
361244
49135
577403
36663
407689
39390
12398
231714
164116
7510
572899
493563
525169
31524
151405
430615
367222
475982
402514
438103
543560
472461
84113
325495
152649
26817
138316
107564
578793
115314
397824
458727
206429
85483
206994
193410
25105
9429
156292
360367
4485
555668
570263
39082
167390
147278
449704
499646
392627
40603
559865
219312
549535
29755
525211
192605
100282
429539
462737
24104
277389
462037
334184
558436
365685
364090
306467
297269
308175
62029
501814
445046
415413
485387
289805
566436
74213
243031
69605
185384
119979
357978
435460
342523
373613
100579
261511
444651
418736
92355
409217
475747
59815
437136
440874
95417
443506
267434
406292
372150
147314
433618
323661
270440
381377
440813
359760
503683
344592
64792
443733
481627
240046
245978
400406
550049
251696
180513
145624
314897
60054
447891
78843
241347
469803
469301
342211
55059
334059
149027
403506
527155
37709
171419
390742
250240
539390
387913
110829
356293
370165
213547
367900
63214
150258
196046
370922
347087
167138
331311
9791
23807
524320
573659
117400
80756
198565
309511
161843
409621
6491
97882
296432
399479
179346
283859
340533
328427
79852
432843
378149
436085
303540
359830
341232
538006
317841
153733
90257
361009
456559
574147
503663
240378
378305
153105
254712
100395
501069
46927
560914
45912
332943
50149
383888
447146
563793
192531
213785
384289
252495
111820
372580
143557
25057
227941
466939
266091
212199
439346
333280
368556
201934
304827
109503
261729
45284
402112
376941
209610
206066
578197
193094
422563
186336
516244
445263
217460
159121
314561
9767
308895
156185
86823
319657
362314
127076
93434
447769
136487
133994
52804
14230
421569
356827
269152
244088
403908
331718
167588
2171
236184
330671
209778
547399
264169
537803
196639
291630
509698
220113
118614
503886
447243
58332
391637
154907
139549
79144
221615
156448
218758
269431
428712
189290
140416
65601
336087
127407
86108
16497
290704
293070
177064
34816
143904
519135
513280
159907
577834
97563
187576
360297
507741
123378
524060
146563
327183
290457
534122
136953
465822
49746
193416
465017
331919
322031
114979
255708
483304
35429
537729
30856
134037
57843
204705
533276
573988
134888
273403
400865
313071
463114
533293
495476
265622
151094
105134
159374
308605
576678
328858
522612
91052
371129
548845
576788
41872
406997
5172
262003
580781
380715
423647
33850
17166
396845
239771
215482
153966
429887
552549
118644
342449
483889
515814
173887
471609
292973
356351
411677
365701
85035
93257
224632
106489
165552
284465
423894
373053
167180
144804
249905
218711
518363
579433
319616
467645
130501
455294
454072
117310
130795
291498
375015
380325
500900
118743
556158
234568
38180
119267
428333
334301
238399
457033
481670
525915
9735
179915
51429
306365
484842
531831
466261
101050
365099
156768
425488
89188
554595
391361
396136
15148
168377
333998
424728
38228
313361
483401
324611
315631
574810
269015
499200
321304
503957
365164
387566
262736
264202
134715
85501
118745
344314
447070
85383
456389
223977
237558
342921
315126
131539
60171
391170
335348
253261
244978
339687
142620
108778
55575
548528
42970
98937
532941
388074
219629
144178
423769
564530
74984
400516
246248
325969
263859
115829
558387
482485
72538
126020
39690
361126
82812
114251
440057
363048
413956
268688
229724
218282
401828
109117
75046
276760
471634
309491
88231
92905
209787
258571
388905
77769
284070
272997
526554
77693
334178
298525
92274
512431
456666
458724
29059
69863
285804
307194
563394
239785
212602
42439
509490
68738
250768
468570
569946
516198
9170
510671
152987
93025
563597
323493
303744
401368
466532
73988
193529
162032
328299
136651
187978
193540
428457
470710
352985
311726
238960
357443
553736
415641
167501
393140
22080
394510
333259
279350
148730
561576
487840
151762
70347
503420
50912
256260
170519
456534
118501
442961
412338
286368
461612
21772
505963
517819
469431
298812
271166
154752
553776
218863
416095
71495
510154
241971
163105
449880
167184
225641
412682
265550
244951
124759
90306
97540
216369
316214
150126
536587
502091
254418
333247
277722
560511
341737
26865
37996
44286
130222
241880
105756
117969
61328
93249
368294
115637
465351
341834
23699
281091
65854
255026
574453
390646
526750
67320
91177
200423
13255
264124
333314
501648
142838
175202
58141
310155
166527
535732
288442
362309
548926
508015
313234
44943
24601
39555
234642
202605
465734
66593
340386
433129
221433
412296
368371
222054
344385
339643
155509
329211
290174
338475
96436
268781
457776
57461
533446
432817
356435
19786
164100
67163
155126
503522
58987
203061
417835
231534
84474
270017
568658
198205
78864
246629
456792
53344
4827
165636
93612
232339
20966
21636
317391
439325
568981
304625
251787
518944
505226
148828
231022
149568
230932
341584
190014
370801
405842
333241
405177
270908
404191
147760
118329
372914
273841
240521
399330
230851
535455
449749
540471
215215
243782
330865
372824
469936
177998
479690
485310
52219
451352
340285
480241
291251
6318
176563
244026
30429
234347
505099
166207
405278
32645
340283
223123
293435
397353
315932
20491
26946
40144
444235
182339
550905
89781
487357
544279
524623
578890
47255
365980
78982
495349
428229
378092
97191
465859
546962
435012
74599
157862
175536
133294
396775
106615
109819
263734
147980
217465
130740
223857
250556
266273
214454
52925
169047
103486
406665
453649
235700
299353
436246
413044
118386
445428
431355
244804
477111
174391
422982
116994
114453
565771
322101
93287
234673
581654
557467
131593
310200
20149
358297
437597
455384
458728
47992
545832
143582
489843
343490
126097
244762
341844
82147
295094
523997
499267
93686
207891
239616
34167
567518
272578
185819
309530
165128
49183
531697
492822
431917
298629
343087
476360
127510
156879
391933
448849
102506
156834
236336
519027
388852
196687
173251
233121
37009
333704
185447
208377
427657
508093
159987
121742
97747
217133
293271
485142
190546
201698
448077
397716
58241
505234
34046
404108
347155
463581
532351
404242
540257
213356
500675
43912
567755
375285
296747
216507
388992
227093
410343
577239
290948
241531
214022
216119
565087
477805
89012
388991
540175
84211
404351
449462
67406
167851
233188
308524
356043
56332
152858
321291
275557
166557
300082
250724
229318
495734
475651
160456
145121
137260
239448
375675
483736
390368
129700
76472
302108
63677
198552
576247
346905
223569
442224
358982
493438
123570
267837
419332
541783
135664
234203
390991
348206
527718
477192
74502
364028
248830
499134
168622
278166
129278
571005
154613
466534
162902
71015
440638
399461
136184
139945
183448
57936
462504
78858
250592
494855
101183
124715
538916
422959
37552
125724
20166
2459
499788
276716
365264
19622
117098
496752
253770
153092
385485
398471
36090
455393
529036
58668
380802
241554
197482
493667
91160
296848
258850
539026
48674
429151
127450
490908
349892
478778
98479
363885
373487
364566
445010
561577
306632
332609
375528
105685
55517
466714
60324
349230
356116
244592
14276
439191
439970
229158
471983
74181
37478
512869
214705
484281
362386
258442
197001
343453
230833
346367
496179
286855
571389
315878
60810
243836
502730
481654
28993
539494
409178
443869
103274
165334
169576
527059
160509
235644
358225
149221
413346
534605
134240
432615
435029
468662
541478
419854
16660
351112
293537
251770
417455
447855
110259
278977
306925
135920
412664
155488
460514
227652
426876
138828
140501
564515
242855
400847
135480
353590
94359
498406
523229
340263
255306
260320
17966
358482
542343
499027
349140
492060
374062
251758
289795
225036
167906
169858
64307
216150
134717
468224
572284
494144
381991
222716
221973
221322
90752
554452
357549
345799
182021
132298
71684
138054
363546
229302
506856
304693
114820
17488
147204
111825
296528
206907
96582
473955
300863
456737
376420
113142
104821
530649
580913
402908
63873
398493
453870
519936
334104
378458
482300
314016
292213
376757
232770
556758
141020
272440
284341
430961
401892
328676
227686
333799
503883
354630
403680
395723
60704
99077
399441
536938
530466
553313
54295
423619
302298
161414
445071
93709
581218
65755
66191
99293
82576
463849
194072
22525
107535
116336
289238
276894
90464
324912
82121
290678
383923
515275
507351
106878
163112
246650
132262
439784
16870
426734
220526
360851
194050
194414
526312
560427
575473
204288
65859
43314
462756
543132
524535
459899
361907
200950
27428
109869
415634
227733
446900
378028
101952
530337
521689
270035
449781
51605
28742
291245
139811
508913
88757
291366
85036
171472
579680
443343
164663
39398
195064
405777
98887
150763
365851
49409
147681
183409
163139
273808
512116
17308
264092
84104
22907
46076
521978
352081
347612
514984
378024
178407
146005
258865
537695
106487
331272
133939
175991
476605
227801
457530
259153
346813
447041
70853
265594
312306
472067
289610
549386
324435
211138
374896
316138
11292
543986
398917
530265
361750
353080
548732
221015
82766
514954
144608
494675
549488
224878
284362
119146
425052
201460
67765
391703
427844
528315
282679
6996
334938
197327
106508
226389
68291
246499
11264
151432
442593
379649
576676
401550
74947
137407
537673
477672
91343
487007
58313
454978
269303
329592
413217
394412
142742
569274
3967
41271
397986
140231
447016
268468
488207
145048
214363
580511
151328
301018
3832
192513
390134
532819
178520
308687
221691
427283
97915
189885
245204
572089
164617
351396
443465
214592
397462
26928
108810
58385
243630
18441
375342
463953
222262
178193
307148
338255
160940
532748
97465
100506
235905
417322
557188
226223
62459
263490
118605
295068
293582
167621
561569
534247
110776
54744
189884
491495
115144
28823
338991
426903
421643
270390
492502
137366
549635
405041
347495
278301
283303
425548
401711
153207
553000
427538
552595
68865
465911
381527
32997
197300
575284
242762
345879
269557
550870
532505
397897
224080
251690
398388
31273
169401
152041
209279
487013
530899
487876
488139
394560
314193
522423
531796
11925
84852
510861
176195
198832
262529
417402
462401
356586
102437
98213
429407
570211
188390
103730
370973
462105
70739
317857
46463
95990
286897
174354
158896
124994
122028
242516
579000
444670
401613
393794
432421
521657
306169
527829
327369
69959
206013
39731
40346
359574
143959
415548
81842
288737
329090
564204
571168
183391
130062
57591
1464
399284
168706
407734
562557
531987
490405
389159
15772
379539
233210
114861
95757
127669
328940
40211
64868
301160
479172
315960
178300
498368
430377
192620
415746
117585
471113
342643
225737
27778
13127
136143
560180
330532
450417
461371
291587
500716
559463
282283
117046
143445
421630
222984
124643
266054
121172
310890
505335
191197
359201
166489
259022
335954
281628
548090
78404
382083
169826
104663
10831
38017
395243
54995
99443
316278
245392
277491
136595
164780
292818
431855
128093
434247
547555
111714
524474
36880
137228
74951
247037
236674
268921
446783
61918
141931
483786
391481
88211
189997
461628
469880
399480
495905
505789
33005
99316
189405
33943
469634
459959
568744
504396
451826
199165
96091
305737
34428
219569
523304
246494
241170
442397
67446
8436
79887
213936
32442
143478
153162
516339
423606
52619
488634
501693
328113
16653
503500
103128
432569
283138
270338
52010
378482
346450
137052
365632
317176
26241
471409
7772
546343
477758
74336
573552
403730
88034
101535
390038
558449
349716
13636
338718
387215
193521
39083
187577
118296
80535
119995
205253
404145
442470
135193
550097
123359
393857
425187
5306
282097
271282
175871
357971
437292
498007
72901
142924
39987
311416
564068
499725
579437
579736
144203
307347
212405
512845
174389
342592
145518
3827
299862
244344
130779
98276
148272
417583
326618
433184
4678
390575
513748
161664
311796
437262
248823
496693
4904
469056
268044
15953
573832
20632
143383
449622
433826
415255
30488
45558
34557
416048
355991
328393
29719
187821
178494
502564
151521
227802
498915
412464
321318
375892
457229
565625
147311
357013
99952
144353
31666
474775
521209
369533
173069
362884
148517
402297
15286
348098
172057
139712
155270
224537
279584
237467
3219
129100
393985
458420
173239
8659
465478
156069
375801
14986
203847
75249
570474
318107
527649
506631
383007
25917
214834
31449
402305
507975
91784
309635
23250
561888
147856
414680
454258
162300
86809
474230
243304
238404
88582
174503
129801
39403
344624
243817
574376
128557
429371
570902
450004
395230
418110
445073
28995
573941
414670
106419
407197
522639
318754
474465
492435
175570
437522
261271
398729
568611
299641
215897
448478
359855
163358
527625
224243
542312
461650
105590
226658
42704
422542
131731
199855
296284
426226
393675
73974
301225
281429
35313
276797
508661
157617
162177
120511
34113
292287
87876
307968
196842
214241
388641
537924
349512
125472
282552
205814
183171
221291
218492
537500
534464
65976
96984
492069
394802
352601
229002
480599
370890
401428
554466
39467
453903
504162
368208
215243
292887
465893
396372
41738
574776
130563
458281
554750
516119
336427
269718
214943
86075
181429
195027
435986
573340
227049
42408
10196
517380
49424
241986
421128
116147
306439
497096
295553
28072
133486
7201
531450
461333
537497
227713
432330
25727
276467
213054
267024
17350
292804
460896
362145
226076
116334
400117
77222
272716
267300
355261
132946
469658
81003
9647
239518
386401
567448
451024
373255
185327
544638
289640
294107
67623
536498
206830
539819
276009
420775
39468
259477
350327
411408
248818
566173
536534
38862
405840
502963
347228
416690
254775
478981
320066
440903
79716
98636
198671
475571
168099
142637
295884
516740
55458
227638
172377
482363
94390
275913
185186
271469
342232
94043
248330
499662
516084
100687
216542
111945
473691
173897
500896
305803
431615
508147
315176
354878
71345
118885
305705
431731
143637
270999
509712
163230
512918
496059
552365
533843
89839
113166
235813
246085
378541
501307
492727
164290
331105
482750
373353
290943
395627
274556
106047
437354
574805
519715
36473
73685
410947
304817
165531
336291
421655
65222
473345
53957
206838
267697
358242
419401
98830
217471
318130
272064
97841
480629
257683
209036
214848
449661
109213
398572
107996
332013
421064
187647
449573
328686
514295
365131
424124
81508
487851
173183
289344
315030
196483
473741
325089
111330
244418
580732
390689
396765
453799
313093
503108
550289
999
42042
380539
286742
358828
267543
336160
305832
347962
25907
105647
156324
149295
357543
503418
391828
192774
388601
225593
520036
97682
142767
275488
272241
139173
454683
351796
131815
65905
412857
569841
126497
247885
323789
178258
576780
232165
37748
102837
479593
391102
446462
219248
331908
568115
450864
98098
440023
197651
307857
512332
95278
216050
321168
19542
208226
337305
207005
471665
256031
187420
218854
14552
524167
263911
253686
442556
39040
336001
385299
564289
458675
114090
33093
524069
26517
565245
331392
271820
290113
388075
97040
444262
379858
412200
293853
368736
335713
208243
378827
449369
579964
188239
378821
572411
466058
189588
325306
565235
439650
47686
236352
318524
89651
530433
102256
214923
180738
8571
368702
358825
160402
559752
226262
208669
486315
219723
499760
510585
460392
367639
287575
432891
513125
315427
382552
284098
317819
100805
166716
138456
107964
558639
541538
267225
420506
570710
476530
21181
360496
164135
197120
202118
219192
424507
129695
132719
93133
470780
343341
175969
515329
181990
552073
128002
512974
573869
3784
409556
486834
55534
384157
459258
366569
535689
324158
403718
450666
59743
149622
265833
453297
140801
445503
393221
207556
376712
8965
341828
284599
81676
71427
203937
517911
314570
263068
243831
44827
300678
496953
289960
262851
243333
271418
410101
303471
102546
279940
328068
291665
496839
454478
266451
416760
114664
70745
397705
383379
162163
60647
575133
85048
399011
153104
22624
170930
290115
302713
169849
419262
401196
566499
290129
173998
454892
170035
385248
357916
538661
145553
146910
174887
225184
210643
68290
310104
9677
401231
356570
164104
219987
393016
57646
262980
511929
46265
548652
403792
479693
114147
455366
18041
32707
398697
1732
547827
549797
25102
241310
121344
47361
555245
322695
487286
565211
447985
202739
206957
187434
101530
284667
129141
491450
188318
199141
490923
98881
73837
25797
530162
429075
216579
101652
14182
435124
190805
72681
225587
527196
525100
175804
477911
568089
532342
132861
289158
493339
365565
398183
575904
378803
137096
411479
517135
354874
164951
96664
323114
555197
295185
368885
416544
253712
92702
251252
204381
578788
269432
337062
273132
327131
342874
243927
485016
552153
555653
193166
47394
269103
455945
159926
465613
483833
496027
20450
395326
200809
51057
200033
462031
204491
189404
478249
544626
2225
143876
440959
532612
410808
355826
76691
504006
419159
500945
196212
141673
388881
77177
197222
231466
288694
133995
570598
579781
427547
490347
466169
146876
395598
32597
213453
184712
44360
311015
171915
526089
521569
163447
101688
553871
180067
464178
413334
396224
319440
346492
419819
412931
564646
450075
575627
163464
123980
158758
557037
39812
434078
211487
463758
301641
231932
492325
374405
336431
104999
347866
314336
532181
490259
384559
250518
83368
341809
352006
199598
314964
280370
428896
572215
208740
126263
55512
172187
232875
70557
575786
573926
29943
181079
464634
98137
143123
206112
442926
377647
389577
566298
393121
565233
151965
133766
578418
466567
152341
13655
485629
52847
498630
374168
104537
407990
152197
495695
577613
291619
18265
552538
19716
578481
28782
12475
92710
14857
177567
17791
49625
363645
578945
518415
110626
468043
409135
265513
113676
510820
455893
248948
24242
24938
242979
224303
528018
351949
492694
58524
163866
23961
196672
312603
99553
437525
474075
44219
502778
356817
349483
67835
280705
277821
459033
128690
555119
357663
44958
440577
107216
535750
495989
423836
286386
50790
183603
29776
90006
36773
224753
176466
446064
313069
358062
391463
556341
469475
12698
369931
453332
62819
451240
526196
330868
349579
182379
514581
353298
95006
252801
364312
52341
115083
315381
438451
425477
90057
307032
309461
17882
409825
198610
510782
469410
559908
548913
404272
291658
338960
541435
556657
209263
301121
313733
407545
90827
399012
348487
571598
103978
109290
124018
87282
389844
525640
357383
493742
113173
516677
310622
401156
95337
473102
163239
322595
489944
353952
93483
396792
271992
61377
218678
126044
374340
177149
198992
391615
58630
46885
296767
147718
360878
284349
191205
278174
190689
434787
487365
461557
94319
578020
352684
154171
36864
503653
200421
145186
496552
320349
391874
439402
76606
570694
162372
160226
432636
263292
530052
8896
340019
8062
217201
61967
33527
77745
137458
497018
456146
428266
525869
288848
206697
184611
365231
239882
51618
201207
140648
250593
10701
94828
369204
305872
413984
146363
274219
262677
565684
270943
340425
452229
16907
303252
519880
266562
350028
312240
27493
13949
298099
151
555108
313800
36487
303956
25353
508612
9174
71657
94010
351621
493029
580366
258882
463522
196442
523371
286724
16458
319738
157616
349319
219514
251572
76738
153542
250834
543026
421024
575305
123532
562205
424692
192827
487843
290938
162774
104384
297615
186399
557058
72126
463684
521187
123197
545538
295303
544148
232063
155493
238325
262476
9287
127911
430750
135345
361619
416371
217997
444226
518721
285115
256875
349052
174482
175021
513531
400286
153186
225307
29191
111435
528799
27334
336242
313608
128250
476848
259030
509626
410066
17451
205017
70159
201685
171002
448064
269543
531916
167067
272219
962
354241
12002
30000
438229
69693
211034
71016
246686
350180
457842
470062
409889
79021
14138
322634
38355
440819
149185
127306
361602
445766
450747
182167
40839
567486
69339
364956
25803
524155
309364
176479
544994
313073
332733
264697
406328
21535
396303
217191
452177
444769
469806
242606
298878
320137
376785
38539
88803
96723
517772
285418
9898
520039
577619
242631
357184
74920
544883
366476
245982
355919
373439
333694
48383
113261
111644
319771
468124
67761
176847
487504
125211
234653
169842
258856
218574
282209
45315
318251
561785
352491
105601
107169
184205
210408
327068
519842
183237
140180
405663
396691
132826
431952
307884
138890
330586
325487
417987
378918
95746
166408
68080
252213
479944
194531
277827
297879
357734
481252
355075
493056
208215
270596
240128
383359
542442
207625
336335
349442
80281
54088
149892
283996
471697
166592
299457
510980
320225
121951
213506
29942
209906
390213
71711
512100
532895
457791
36057
307016
428113
191879
348522
19221
371361
287388
542011
521947
293975
442069
151176
284901
453926
552504
492155
371735
552563
507535
259960
262463
127073
341455
393557
139494
219880
515355
557679
189813
71182
424837
542694
513342
103018
47328
435170
93579
141005
104734
13468
433405
577488
567494
343878
396812
113041
203249
454679
13844
350724
419571
136230
41373
338143
275933
232279
514826
28887
419454
301413
199492
521073
337796
538976
261051
276840
492417
136270
210658
567274
108316
193968
390692
417164
136131
109824
538422
37719
116656
118964
517702
466845
296648
324277
561361
151289
190914
580631
515428
393378
541374
538609
93597
324340
126226
363308
31118
18563
271733
255558
312352
489734
475883
496863
218204
309161
42507
225731
144538
128135
97579
194746
237453
342135
410246
397161
557335
39371
9025
560064
385517
280257
430925
361382
45148
13169
120472
407972
255443
494690
577857
167892
128647
451949
317986
514979
368368
33808
249608
301653
389312
172408
108472
223621
177535
209125
131312
